0 0
6.65185e-05 0.00999985
0.000265481 0.0199988
0.000596 0.029996
0.00105719 0.0399905
0.00164815 0.0499815
0.002368 0.059968
0.00321585 0.0699492
0.00419081 0.0799241
0.005292 0.089892
0.00651852 0.0998519
0.00786948 0.109803
0.009344 0.119744
0.0109412 0.129675
0.0126601 0.139593
0.0145 0.1495
0.0164599 0.159393
0.0185388 0.169272
0.020736 0.179136
0.0230505 0.188984
0.0254815 0.198815
0.028028 0.208628
0.0306892 0.218423
0.0334641 0.228197
0.036352 0.237952
0.0393519 0.247685
0.0424628 0.257396
0.045684 0.267084
0.0490145 0.276748
0.0524535 0.286387
0.056 0.296
0.0596532 0.305587
0.0634121 0.315145
0.067276 0.324676
0.0712439 0.334177
0.0753148 0.343648
0.079488 0.353088
0.0837625 0.362496
0.0881375 0.371871
0.092612 0.381212
0.0971852 0.390519
0.101856 0.399789
0.106624 0.409024
0.111488 0.418221
0.116447 0.42738
0.1215 0.4365
0.126647 0.44558
0.131885 0.454619
0.137216 0.463616
0.142637 0.472571
0.148148 0.481481
0.153748 0.490348
0.159436 0.499169
0.165211 0.507944
0.171072 0.516672
0.177019 0.525352
0.183049 0.533983
0.189164 0.542564
0.195361 0.551095
0.20164 0.559573
0.208 0.568
0.21444 0.576373
0.220959 0.584692
0.227556 0.592956
0.234231 0.601164
0.240981 0.609315
0.247808 0.617408
0.254709 0.625443
0.261684 0.633417
0.268732 0.641332
0.275852 0.649185
0.283043 0.656976
0.290304 0.664704
0.297635 0.672368
0.305033 0.679967
0.3125 0.6875
0.320033 0.694967
0.327632 0.702365
0.335296 0.709696
0.343024 0.716957
0.350815 0.724148
0.358668 0.731268
0.366583 0.738316
0.374557 0.745291
0.382592 0.752192
0.390685 0.759019
0.398836 0.765769
0.407044 0.772444
0.415308 0.779041
0.423627 0.78556
0.432 0.792
0.440427 0.79836
0.448905 0.804639
0.457436 0.810836
0.466017 0.816951
0.474648 0.822981
0.483328 0.828928
0.492056 0.834789
0.500831 0.840564
0.509652 0.846252
0.518519 0.851852
0.527429 0.857363
0.536384 0.862784
0.545381 0.868115
0.55442 0.873353
0.5635 0.8785
0.57262 0.883553
0.581779 0.888512
0.590976 0.893376
0.600211 0.898144
0.609481 0.902815
0.618788 0.907388
0.628129 0.911863
0.637504 0.916237
0.646912 0.920512
0.656352 0.924685
0.665823 0.928756
0.675324 0.932724
0.684855 0.936588
0.694413 0.940347
0.704 0.944
0.713613 0.947547
0.723252 0.950985
0.732916 0.954316
0.742604 0.957537
0.752315 0.960648
0.762048 0.963648
0.771803 0.966536
0.781577 0.969311
0.791372 0.971972
0.801185 0.974519
0.811016 0.976949
0.820864 0.979264
0.830728 0.981461
0.840607 0.98354
0.8505 0.9855
0.860407 0.98734
0.870325 0.989059
0.880256 0.990656
0.890197 0.992131
0.900148 0.993481
0.910108 0.994708
0.920076 0.995809
0.930051 0.996784
0.940032 0.997632
0.950019 0.998352
0.960009 0.998943
0.970004 0.999404
0.980001 0.999735
0.99 0.999933
1 1
1.01 0.999933
1.02 0.999735
1.03 0.999404
1.03999 0.998943
1.04998 0.998352
1.05997 0.997632
1.06995 0.996784
1.07992 0.995809
1.08989 0.994708
1.09985 0.993481
1.1098 0.992131
1.11974 0.990656
1.12967 0.989059
1.13959 0.98734
1.1495 0.9855
1.15939 0.98354
1.16927 0.981461
1.17914 0.979264
1.18898 0.976949
1.19881 0.974519
1.20863 0.971972
1.21842 0.969311
1.2282 0.966536
1.23795 0.963648
1.24769 0.960648
1.2574 0.957537
1.26708 0.954316
1.27675 0.950985
1.28639 0.947547
1.296 0.944
1.30559 0.940347
1.31515 0.936588
1.32468 0.932724
1.33418 0.928756
1.34365 0.924685
1.35309 0.920512
1.3625 0.916237
1.37187 0.911863
1.38121 0.907388
1.39052 0.902815
1.39979 0.898144
1.40902 0.893376
1.41822 0.888512
1.42738 0.883553
1.4365 0.8785
1.44558 0.873353
1.45462 0.868115
1.46362 0.862784
1.47257 0.857363
1.48148 0.851852
1.49035 0.846252
1.49917 0.840564
1.50794 0.834789
1.51667 0.828928
1.52535 0.822981
1.53398 0.816951
1.54256 0.810836
1.55109 0.804639
1.55957 0.79836
1.568 0.792
1.57637 0.78556
1.58469 0.779041
1.59296 0.772444
1.60116 0.765769
1.60931 0.759019
1.61741 0.752192
1.62544 0.745291
1.63342 0.738316
1.64133 0.731268
1.64919 0.724148
1.65698 0.716957
1.6647 0.709696
1.67237 0.702365
1.67997 0.694967
1.6875 0.6875
1.69497 0.679967
1.70237 0.672368
1.7097 0.664704
1.71696 0.656976
1.72415 0.649185
1.73127 0.641332
1.73832 0.633417
1.74529 0.625443
1.75219 0.617408
1.75902 0.609315
1.76577 0.601164
1.77244 0.592956
1.77904 0.584692
1.78556 0.576373
1.792 0.568
1.79836 0.559573
1.80464 0.551095
1.81084 0.542564
1.81695 0.533983
1.82298 0.525352
1.82893 0.516672
1.83479 0.507944
1.84056 0.499169
1.84625 0.490348
1.85185 0.481481
1.85736 0.472571
1.86278 0.463616
1.86811 0.454619
1.87335 0.44558
1.8785 0.4365
1.88355 0.42738
1.88851 0.418221
1.89338 0.409024
1.89814 0.399789
1.90281 0.390519
1.90739 0.381212
1.91186 0.371871
1.91624 0.362496
1.92051 0.353088
1.92469 0.343648
1.92876 0.334177
1.93272 0.324676
1.93659 0.315145
1.94035 0.305587
1.944 0.296
1.94755 0.286387
1.95099 0.276748
1.95432 0.267084
1.95754 0.257396
1.96065 0.247685
1.96365 0.237952
1.96654 0.228197
1.96931 0.218423
1.97197 0.208628
1.97452 0.198815
1.97695 0.188984
1.97926 0.179136
1.98146 0.169272
1.98354 0.159393
1.9855 0.1495
1.98734 0.139593
1.98906 0.129675
1.99066 0.119744
1.99213 0.109803
1.99348 0.0998519
1.99471 0.089892
1.99581 0.0799241
1.99678 0.0699492
1.99763 0.059968
1.99835 0.0499815
1.99894 0.0399905
1.9994 0.029996
1.99973 0.0199988
1.99993 0.00999985
2 1.9984e-14
6.65185e-05 0.00999985
0.000265481 0.0199988
0.000596 0.029996
0.00105719 0.0399905
0.00164815 0.0499815
0.002368 0.059968
0.00321585 0.0699492
0.00419081 0.0799241
0.005292 0.089892
0.00651852 0.0998519
0.00786948 0.109803
0.009344 0.119744
0.0109412 0.129675
0.0126601 0.139593
0.0145 0.1495
0.0164599 0.159393
0.0185388 0.169272
0.020736 0.179136
0.0230505 0.188984
0.0254815 0.198815
0.028028 0.208628
0.0306892 0.218423
0.0334641 0.228197
0.036352 0.237952
0.0393519 0.247685
0.0424628 0.257396
0.045684 0.267084
0.0490145 0.276748
0.0524535 0.286387
0.056 0.296
0.0596532 0.305587
0.0634121 0.315145
0.067276 0.324676
0.0712439 0.334177
0.0753148 0.343648
0.079488 0.353088
0.0837625 0.362496
0.0881375 0.371871
0.092612 0.381212
0.0971852 0.390519
0.101856 0.399789
0.106624 0.409024
0.111488 0.418221
0.116447 0.42738
0.1215 0.4365
0.126647 0.44558
0.131885 0.454619
0.137216 0.463616
0.142637 0.472571
0.148148 0.481481
0.153748 0.490348
0.159436 0.499169
0.165211 0.507944
0.171072 0.516672
0.177019 0.525352
0.183049 0.533983
0.189164 0.542564
0.195361 0.551095
0.20164 0.559573
0.208 0.568
0.21444 0.576373
0.220959 0.584692
0.227556 0.592956
0.234231 0.601164
0.240981 0.609315
0.247808 0.617408
0.254709 0.625443
0.261684 0.633417
0.268732 0.641332
0.275852 0.649185
0.283043 0.656976
0.290304 0.664704
0.297635 0.672368
0.305033 0.679967
0.3125 0.6875
0.320033 0.694967
0.327632 0.702365
0.335296 0.709696
0.343024 0.716957
0.350815 0.724148
0.358668 0.731268
0.366583 0.738316
0.374557 0.745291
0.382592 0.752192
0.390685 0.759019
0.398836 0.765769
0.407044 0.772444
0.415308 0.779041
0.423627 0.78556
0.432 0.792
0.440427 0.79836
0.448905 0.804639
0.457436 0.810836
0.466017 0.816951
0.474648 0.822981
0.483328 0.828928
0.492056 0.834789
0.500831 0.840564
0.509652 0.846252
0.518519 0.851852
