0 0
0.01 0.00029998
0.02 0.00119968
0.03 0.00269838
0.04 0.00479488
0.05 0.0074875
0.06 0.0107741
0.07 0.014652
0.08 0.0191181
0.09 0.0241688
0.1 0.0298
0.11 0.0360072
0.12 0.0427853
0.13 0.0501288
0.14 0.0580317
0.15 0.0664875
0.16 0.0754893
0.17 0.0850296
0.18 0.0951005
0.19 0.105694
0.2 0.1168
0.21 0.12841
0.22 0.140515
0.23 0.153103
0.24 0.166164
0.25 0.179688
0.26 0.19366
0.27 0.208071
0.28 0.222907
0.29 0.238154
0.3 0.2538
0.31 0.26983
0.32 0.286228
0.33 0.302982
0.34 0.320073
0.35 0.337488
0.36 0.355208
0.37 0.373217
0.38 0.391497
0.39 0.410031
0.4 0.4288
0.41 0.447785
0.42 0.466966
0.43 0.486324
0.44 0.505838
0.45 0.525488
0.46 0.545251
0.47 0.565106
0.48 0.585032
0.49 0.605004
0.5 0.625
0.51 0.644996
0.52 0.664968
0.53 0.68489
0.54 0.704739
0.55 0.724488
0.56 0.74411
0.57 0.76358
0.58 0.78287
0.59 0.801953
0.6 0.8208
0.61 0.839383
0.62 0.857673
0.63 0.875641
0.64 0.893256
0.65 0.910488
0.66 0.927305
0.67 0.943678
0.68 0.959572
0.69 0.974958
0.7 0.9898
0.71 1.00407
0.72 1.01772
0.73 1.03074
0.74 1.04307
0.75 1.05469
0.76 1.06556
0.77 1.07564
0.78 1.0849
0.79 1.0933
0.8 1.1008
0.81 1.10737
0.82 1.11296
0.83 1.11753
0.84 1.12106
0.85 1.12349
0.86 1.12478
0.87 1.1249
0.88 1.12381
0.89 1.12146
0.9 1.1178
0.91 1.1128
0.92 1.10641
0.93 1.0986
0.94 1.0893
0.95 1.07849
0.96 1.06611
0.97 1.05211
0.98 1.03646
0.99 1.01911
2 1.33227e-15
2.01 0.020908
2.02 0.0436643
2.03 0.0683176
2.04 0.0949171
2.05 0.123513
2.06 0.154154
2.07 0.186892
2.08 0.221778
2.09 0.258863
2.1 0.2982
2.11 0.339841
2.12 0.383839
2.13 0.430247
2.14 0.47912
2.15 0.530513
2.16 0.584479
2.17 0.641074
2.18 0.700356
2.19 0.762378
2.2 0.8272
2.21 0.894878
2.22 0.965469
2.23 1.03903
2.24 1.11563
2.25 1.19531
2.26 1.27815
2.27 1.36419
2.28 1.45351
2.29 1.54616
2.3 1.6422
2.31 1.7417
2.32 1.84472
2.33 1.95131
2.34 2.06156
2.35 2.17551
2.36 2.29324
2.37 2.41481
2.38 2.54028
2.39 2.66972
2.4 2.8032
2.41 2.94078
2.42 3.08254
2.43 3.22853
2.44 3.37883
2.45 3.53351
2.46 3.69264
2.47 3.85628
2.48 4.0245
2.49 4.19739
2.5 4.375
2.51 4.55741
2.52 4.7447
2.53 4.93693
2.54 5.13417
2.55 5.33651
2.56 5.54402
2.57 5.75676
2.58 5.97483
2.59 6.19828
2.6 6.4272
2.61 6.66166
2.62 6.90175
2.63 7.14754
2.64 7.3991
2.65 7.65651
2.66 7.91986
2.67 8.18923
2.68 8.46468
2.69 8.74631
2.7 9.0342
2.71 9.32842
2.72 9.62906
2.73 9.9362
2.74 10.2499
2.75 10.5703
2.76 10.8975
2.77 11.2314
2.78 11.5723
2.79 11.9202
2.8 12.2752
2.81 12.6374
2.82 13.0068
2.83 13.3836
2.84 13.7678
2.85 14.1595
2.86 14.5589
2.87 14.9659
2.88 15.3808
2.89 15.8035
2.9 16.2342
2.91 16.673
2.92 17.1199
2.93 17.5751
2.94 18.0386
2.95 18.5105
2.96 18.991
2.97 19.4801
2.98 19.9779
2.99 20.4845
